YNL311C	33.9200570013	659.067652525	901.053787287	281.56127844	725.433976996	557.989345181
YLR293C	251.449562837	227.748287893	943.010822729	650.502914726	120.464070448	899.294850777
YDR142C	399.843305336	574.662288917	509.178244126	985.577358992	391.841013386	46.8646027309
YDR354W	286.601629719	220.988973556	383.472623185	937.74536199	996.155207266	148.326218915
YJL030W	540.58312815	616.311236685	477.917367949	813.81127028	748.132540256	406.472878482
YKR026C	337.476531316	210.93546357	742.383749928	596.591595348	544.909702849	995.785578932
YML007W	555.666089156	727.344143022	253.442165361	813.973526136	60.5966572947	69.4756049842
YGR085C	740.567779745	188.067588318	554.75444383	851.013188217	924.906129469	29.2305296834
YLR109W	643.501377095	456.622612923	804.315321406	501.4419178	981.782977795	168.455252125
YLR081W	379.178850543	276.948602671	860.231746429	843.869904484	7.1040950482	243.9584549
YDR009W	118.897755553	399.160467685	723.98956608	38.0387162459	800.25978957	293.618776038
YBR043C	348.294068505	318.186135019	904.509187235	409.285123466	255.844007399	973.822236814
YNL154C	785.162162948	180.06100318	712.31882317	575.506762452	296.227329286	605.854734006
YPL211W	698.810563786	432.855395785	355.090012935	481.940115619	386.130323679	502.003089066
YNL167C	576.43992577	159.411803579	981.137401733	112.331664794	147.098426456	101.018168103
YPR041W	746.366278378	821.345161687	144.396240742	160.401995403	251.715301527	394.452228544
YBL069W	326.06318786	718.422095066	764.352082757	579.253417545	353.578803378	127.177029351
YKL012W	78.7259902007	926.0460347	804.497936424	388.523610521	583.02425485	564.9321506
YIL113W	976.764904855	450.264857979	11.767637168	154.731517566	555.461612323	300.070322762
YMR108W	762.319756692	418.63327155	551.544095747	39.4570193594	315.3292841	463.768474796
YPR110C	579.620005012	926.444153064	208.904880343	974.858069583	893.041701766	558.016549291
YOR303W	682.210762347	693.863928664	243.820044509	80.9623667079	290.145909969	987.55135372
YBR160W	414.252460727	70.3850654028	916.488074152	630.520251608	32.8822326322	188.64572177
YER062C	559.321044266	668.357232594	471.674553304	79.2020477489	259.340919056	274.206322949
YJL089W	476.467056794	892.284798107	85.5964061093	195.394157323	368.310263179	6.1159321971
YNR007C	866.345620614	234.838480022	357.978336722	296.207139261	533.380069311	16.9885763364
YDR244W	435.829814585	882.711761055	820.331165355	831.643873041	859.937977023	590.156572399
YHR198C	61.1706481288	348.520694646	513.798904062	591.717900477	451.140524354	609.152615342
YLR197W	874.06175029	466.189893554	499.849928278	544.552139661	746.178787054	447.295141154
YDR461W	493.056990414	97.3598681648	72.7281504751	960.913270433	848.021818939	617.960522803
YPR145W	819.104873351	912.624443698	198.134928138	978.108406392	512.009746352	636.30886391
YDR412W	431.873803591	701.077074391	417.376513957	799.233928954	373.690320527	506.623678769
YLL021W	954.573969576	913.877006179	410.256728673	539.457624889	102.175317236	936.606132156
YLR340W	178.686731074	296.002231866	695.558292874	666.646329651	640.183379169	523.127496249
YML074C	604.092923961	155.570255883	77.5089526887	436.212304248	435.527649959	604.027350388
YNL113W	484.33105181	725.33223716	423.692813319	390.789235487	957.077730321	526.602615844
YGR108W	832.031072032	517.81838309	198.209789994	303.09033441	727.090378127	120.956493453
YBR248C	207.663928997	350.138284385	255.796408378	909.431279009	362.186332268	509.550533128
YBR018C	380.834181945	138.989572665	308.818153836	443.198005652	175.993978472	371.832025308
YOR039W	126.788659604	596.947471085	729.801347925	420.636675393	772.836058939	129.94581682
YPR048W	180.69331749	867.088758263	115.139531827	459.072384637	317.855433368	698.761738529
YLR229C	4.82960652101	816.962147505	368.27575217	156.210173615	70.6486007235	863.594735328
YAL040C	854.8723811	959.404174469	211.726910706	952.717873855	701.957244658	348.518454274
YDR070C	8.35859972243	225.579318892	928.261932253	970.720766902	27.6410124907	84.0597499493
YGR009C	46.1084756394	761.829282562	482.473886881	47.4384740575	518.098317538	389.424742102
YGL208W	321.371082606	529.83998623	454.502602848	245.108443552	264.607064056	597.062450237
YDR171W	502.748868336	222.662804026	954.832287584	805.665148638	816.244284389	144.859074073
YOR355W	919.974274091	952.896404849	793.639749368	639.118912375	107.96306264	90.1262795842
YLR075W	150.52106808	793.414680135	727.11324912	579.509931565	926.538689169	170.926291053
YPR102C	5.32833041008	32.2904911891	344.832828504	115.618424072	338.773056388	632.710256539
YPL111W	84.2635996068	564.888223468	425.343575852	215.801946852	203.192027648	223.53332486
YDL081C	983.745312849	214.075096789	978.619731607	321.423509783	547.765689449	348.822429457
YOR326W	819.935421023	402.665631021	973.731360616	468.692440034	73.859986311	661.266969672
YMR138W	439.922086457	141.355119594	492.000135273	989.679932658	366.786372651	296.914447381
YGL013C	852.534074069	137.251263835	423.326423087	313.838160925	492.631881867	541.465796166
YOL123W	787.651295651	391.317577001	291.327284198	225.949865354	865.925566436	716.253355455
YHR055C	276.171262858	57.6394650777	214.054058619	715.223106925	696.612158008	333.920602991
YCR084C	345.257109704	225.433542159	750.619607256	763.179919797	919.270981631	567.102037585
YGL202W	283.244667031	756.146191109	665.456216252	423.31560543	414.167695554	774.76116855
YGL161C	122.089656815	903.859284896	521.218235036	973.603770696	418.413393481	585.294019016
YJL219W	510.871920175	613.665334602	472.484318097	612.087089361	728.698558752	625.296802176
YLR362W	37.5958259939	920.657736963	649.116919854	517.357813625	625.368974603	518.332675308
YFR014C	114.474455273	298.235187935	183.509899827	363.730843363	170.35874994	567.564683998
YDL113C	763.150476295	193.289664358	942.228674417	33.1804130596	414.513067054	801.596746303
YDL130W	487.868586136	374.842428511	489.597462267	245.646926915	664.248871583	636.102612185
YOR202W	158.307625934	279.3630572	68.6955325828	698.894118667	152.243687073	998.642769323
YLR310C	928.843952376	343.939797609	175.591447274	859.642594389	472.706870121	399.875646955
YGR014W	266.421720611	284.34782433	698.699443367	70.7939678101	722.636247033	194.980040695
YER179W	466.767697772	426.254617595	478.240158467	776.187320122	349.986194155	586.542461175
YKR099W	506.788368251	61.1197728885	548.847226863	703.355423804	384.383451601	267.856580842
YBL050W	173.427469267	685.376643513	845.388294066	287.166650646	902.749305653	979.485484642
YPR062W	862.48092596	506.015962388	907.524443663	980.267034213	273.731404062	816.317896361
YAL038W	670.159439443	183.802943732	363.353573747	367.484347263	238.626457213	348.054243516
YIL105C	998.347955848	316.93009293	687.657264839	37.7105683915	53.0456970498	245.331598934
YGL166W	804.610394151	372.80391309	319.110101871	697.089738101	961.103685171	771.103801093
YLR432W	545.276974198	912.413889495	256.471391532	152.317144359	222.198256828	873.538832101
YJL013C	347.204038861	33.8441735563	949.906920142	655.893148987	868.745924923	990.504577295
YGL097W	277.412489592	626.545091999	335.353578189	429.761650364	199.946060745	356.253696909
YML123C	785.567504126	116.083531418	513.114912021	198.164277432	588.420015908	52.7032203625
YIL074C	35.008667533	183.809585041	285.631729182	695.923081348	154.326588601	657.613572724
YCL040W	355.476266495	8.24327787054	230.349877548	799.795965785	827.279097754	66.8741092646
YOR204W	848.310814056	744.927485248	164.627752445	451.503373695	119.715856665	414.485593563
YOL058W	549.798298613	521.642049228	17.7777396659	369.712300517	816.127297	91.0278385293
YER111C	173.885078109	808.133483011	439.57502604	143.148599808	739.429952517	683.968737683
YOL016C	464.804257737	43.022902131	310.593369153	355.697189249	654.189190752	151.961110144
YCR012W	725.589288042	979.534528064	222.311380702	809.039784935	448.759091793	562.65015665
YOL156W	231.248660704	737.155463849	347.108890376	626.901937847	734.401065425	495.761326786
YMR311C	888.605106031	649.555034535	182.920327901	873.815791586	893.347558562	742.130313672
YDR299W	913.449945363	734.839276858	845.505482963	756.969153203	672.424200474	631.983767709
YEL015W	969.36659303	19.9197756026	953.54116432	593.273985435	743.573794332	788.873839671
YGR254W	580.547775274	124.03721646	77.5900571584	161.959521627	847.662338167	470.568913669
YDL063C	190.531646321	923.919796819	541.058014383	126.136355074	175.105532624	666.634926116
YOR315W	438.149201462	865.042949355	421.459674039	93.8929100159	382.954437399	613.113485845
YKL161C	396.602942561	790.943760028	955.315553978	835.610131189	168.001515051	785.100070047
YBR020W	712.630597305	76.1208990588	48.4877992672	883.402220171	810.484559671	847.046309208
YMR005W	484.383868276	89.5550549795	686.667811892	177.613201377	622.767333524	496.273617093
YDL023C	945.896231258	854.255169442	886.563525683	742.834287214	519.812457307	981.164990134
YFL026W	656.281838828	811.361198044	547.252717809	518.258657219	256.661279736	226.53319295
YBL026W	567.551923115	109.844600075	838.825657862	598.278519737	790.273007251	523.331636576
YNL036W	687.815093381	154.686392425	642.902978559	329.093820663	631.077910646	796.44274568
YER081W	744.00908821	328.491671552	306.051835282	284.09312895	205.679937743	470.007596186
YGL106W	448.879118547	222.692515597	130.418832332	240.906613283	816.316719491	512.657234785
YHR071W	420.390710385	164.56369311	56.5130510665	817.684496175	512.166732884	619.534869042
YLR214W	994.923796611	959.486518685	886.104050379	240.003995921	845.803575048	792.488335677
YHR084W	59.3387653033	361.465654389	800.735981047	173.615403344	117.88256389	785.35414073
YLR175W	212.485635278	23.935226745	329.613574654	44.776803699	458.32714065	952.650969155
YOL120C	947.829529246	11.6472509344	684.936856685	222.745481649	603.823799191	650.227325452
YMR186W	623.346043966	575.872357308	943.814621414	832.002026835	859.748365993	761.591246175
YBR050C	486.195463512	222.000765644	173.018932454	875.551317314	605.083124338	142.509621649
YNL189W	563.266740466	259.1176634	416.766953396	106.949509855	651.505370503	886.483602213
YER112W	697.293586201	616.416269381	316.136111743	865.64075791	708.559438595	493.774319585
YLR319C	437.901571924	766.308659668	742.264824212	928.866807221	186.545718751	419.520093137
YGR046W	458.768822793	30.2094519797	843.597003019	620.187767515	665.746713075	46.0777614457
YCL067C	940.073529576	345.119582658	736.043774737	380.287195867	880.962163401	655.078114377
YIL143C	225.979829551	866.738600736	619.116375777	884.541936775	186.483520421	785.07370461
YOL051W	284.504012671	832.228917465	454.821000109	633.356311904	217.734007887	421.811000856
YIL061C	33.3060253481	477.409271994	358.56978422	257.342173679	401.443198525	50.0235013011
YJL203W	605.460989387	534.593105958	360.494950485	687.829097669	349.4474228	146.469938008
YMR043W	831.234035171	112.530113765	129.981244114	129.19939439	809.170129075	616.98593139
YOL059W	330.586960751	874.850355573	587.135783244	512.466758212	90.1834686209	758.970471688
YFR037C	832.33122238	250.040834377	582.346263512	723.491109811	246.1301968	289.695111761
YNR050C	488.124166667	604.968655873	554.318177425	524.225183507	794.705849924	101.351666715
YHR115C	62.3274340372	656.222945085	722.43529085	257.158360592	716.966080562	453.420491913
YHR053C	205.620841409	345.333717089	868.122712075	928.531874203	817.252000955	534.59614867
YJR022W	206.415089388	504.668360244	450.782951042	979.384531917	145.373801006	64.1441094457
YCL030C	665.175001271	280.101283614	363.756396773	504.179447498	671.903209918	555.2841771
YDL215C	328.680458138	948.663821575	62.9110224515	33.7713343501	482.163744317	936.166180709
YGL122C	133.531974965	685.427386165	649.084365265	510.751461274	557.52891844	716.509411835
YBR072W	260.380723348	120.33619142	83.8388581339	865.887193665	729.781268689	360.158672513
YJL190C	696.416203388	763.959554239	333.648031259	900.141930018	19.3396455945	241.775329924
YHR141C	27.3064999891	11.6060866699	93.860029242	869.594673814	820.529556635	815.461899828
YBR135W	348.04994226	117.015075489	990.64937891	603.300401563	924.107297877	723.922910963
YNL135C	436.495846629	333.06036593	112.235668935	522.843157572	514.028696256	690.044710743
YAL030W	248.389490535	163.242598734	689.859874535	310.603270418	401.736049584	668.32562152
YPR035W	432.64298489	743.639807843	505.583632883	958.79984875	843.432475018	108.237149122
YLR153C	426.930791693	488.402062204	103.776669482	704.577191802	615.705761669	494.854218927
YDR032C	584.354723103	641.248745719	292.523655691	664.780755464	169.749408902	620.885970696
YBR118W	106.169842466	374.801291551	837.150602693	67.3321609578	346.194803243	141.807221043
YGR136W	741.633833827	838.423443932	330.924722487	906.154187364	153.412586449	31.3176448936
YNL145W	372.333313655	899.277819746	443.442355467	999.488110578	998.650495972	68.9820381216
YGL134W	54.2293924388	922.004271468	734.094222123	942.484611117	688.172565277	69.7781961313
YPR010C	377.684856849	578.458338874	587.311880695	163.320747579	961.893645376	31.81607884
YFL017C	891.660114853	4.88319733579	532.916529591	401.582921664	500.327102089	762.025016329
YPR113W	722.451091686	377.914533993	259.068224564	207.372418583	610.563873479	168.002553847
YLR452C	125.468876468	166.291607175	223.132415346	16.3526363964	825.687639918	11.8951965928
YER143W	725.941568486	563.450353729	887.237715304	123.826247042	726.28030059	881.871950791
YOR362C	888.546666165	41.904815158	415.616319716	163.898501319	456.003880834	212.770965066
YDR103W	974.08808133	47.1165291361	712.5688573	572.777430394	267.342893378	47.3033799123
YBR019C	370.698020065	1.77134393488	399.585108785	852.363414839	658.460153333	855.478773633
YPL201C	146.173070993	259.421195835	757.895481837	654.61046478	694.257616188	526.263718642
YML064C	834.674543233	16.821804427	649.271978137	214.338207268	824.392600256	763.163751051
YGR058W	3.88839582937	954.973746502	446.351923697	898.992730563	281.798447598	929.208694276
YGL008C	434.271731055	488.319794834	31.0746822112	796.545427792	910.757463647	568.373926713
YNL301C	198.915230252	798.593781006	678.4972086	191.667175565	438.873962766	26.7322990226
YBR190W	352.028978942	26.4079068173	496.311710801	711.717015913	447.826492934	499.263715491
YER133W	207.302444045	150.628679294	339.303234273	14.8566895614	207.328993521	357.191742497
YKL109W	620.071178186	599.18760609	855.919025318	74.4923411017	135.048271059	326.106305842
YFR034C	468.936554561	147.447083543	211.995400254	473.654492454	157.125670186	401.789510961
YPR080W	190.72785995	235.166066941	522.533736145	668.218412124	305.318707986	298.718953024
YER056CA	294.587255169	783.207311619	501.193947422	27.5142253633	159.232915623	257.83881688
YFL039C	223.821390414	993.22603214	208.992874726	680.849017125	439.294993662	430.495013094
YAR007C	421.853218327	580.16820982	181.076859898	318.596837724	572.4481745	683.792595278
YLL028W	60.1644173643	51.4954893972	204.415339528	415.784404776	446.018672351	190.767103103
YMR058W	317.92060136	136.952903548	684.458310295	19.7218938514	419.476640656	385.479868226
YDR146C	631.807475672	311.315527726	161.709975147	783.562626432	346.946169878	797.670848395
YIL162W	427.479646105	934.223525534	681.402945642	381.196416194	729.281158946	694.086541277
YBL079W	52.8912060589	362.272237796	690.793196609	24.2756549637	691.444904779	937.567022986
YBR112C	265.704746425	366.738560755	89.9117073382	458.992988831	742.219552448	965.558825857
YJR060W	10.096555533	776.096481878	527.247365257	778.734964612	837.664228023	23.7567477744
YNR053C	519.617023999	32.0626285682	194.270905417	466.608679827	2.29964845778	671.080903291
YJL159W	863.243387124	795.436545914	996.176900719	215.969680216	392.935820118	919.771171447
YIL133C	937.01801949	310.00107066	906.767038937	765.169186495	772.887879452	270.5860817
YML024W	416.50940128	80.9018698445	829.886727351	143.572469431	671.197956456	949.216571088
YLR117C	501.409700487	905.509087414	417.904277025	579.986940617	831.870971258	836.645137113
YNL117W	671.116937841	792.102506811	671.458358898	111.931631335	218.662192086	222.787268754
YLR264W	256.533691591	834.924805296	182.946207501	852.147013103	429.000802492	846.779715291
YER040W	553.921898713	952.117500008	435.29894384	413.214501514	425.825878829	938.365587204
YGL073W	478.17070332	345.754677492	843.310200402	166.568435317	319.310231869	879.225475667
YLR044C	311.128412913	822.185782206	59.2079187166	128.28848472	552.807360902	978.998089821
YBR155W	232.690300168	203.547268578	244.578152335	564.664169099	419.450497327	228.9916388
YDL078C	490.21653183	125.600217377	584.776392315	527.823666862	4.91083442372	819.338354011
YER124C	496.563672239	343.862804615	886.905990254	945.851245592	360.992295105	95.4401629673
YLR256W	483.336099469	403.342603999	957.010520344	423.185133403	518.753084239	601.444946888
YGL229C	552.059662963	986.276491154	738.382620349	748.797452823	657.394953796	760.651550745
YML051W	57.3962504329	566.920491719	746.467353866	1.72080450429	810.061619219	984.762916098
YKL204W	964.089596928	500.952089692	596.769357754	198.606942819	553.718611508	137.155737875
YDR174W	289.594062258	791.347569682	42.8318615187	826.346016668	527.607139078	491.427279067
YER090W	645.060840426	705.380997881	348.967014741	399.44322001	322.475069109	992.68226635
YNL047C	575.758600438	778.268994171	691.182888712	591.180139058	248.89269908	553.045560525
YML032C	682.508091712	869.78358365	609.259106428	442.070196229	841.697327053	138.747756083
YBR109C	680.166476487	718.856312737	907.490614385	922.772215746	971.720783227	606.5382832
YPL248C	731.986055946	47.3883077858	948.729151146	510.314490472	57.0329592784	231.989865238
YNL236W	565.876511826	633.291889865	259.220693531	236.891092772	993.12803437	134.896671704
YMR021C	195.035467344	485.760029418	181.554113562	154.502218033	671.286336089	367.178768398
YDR429C	625.422999387	590.995395158	430.545492743	563.402557578	112.644066282	312.732860033
YHR174W	530.878690773	163.870924468	943.494122147	92.1601762888	869.474456298	852.906790213
YOL136C	289.818574623	779.212676821	940.124893224	539.7982976	812.471650995	927.189064417
YOR361C	386.203655658	775.326581414	839.854019827	966.346922007	998.925496241	17.2039489447
YIL160C	768.53107316	352.923877373	35.4480230099	826.449500127	545.408105641	849.626479718
YIL052C	25.0636259542	518.500471193	708.41532939	796.178335369	646.999188365	541.325772857
YGR203W	459.880865867	658.040569692	88.7376369744	239.522857114	103.346938951	477.244943089
YOR178C	877.986813329	996.408443266	630.907280985	854.08105742	966.670404584	883.562666701
YER074W	906.000035263	775.237404698	847.003859522	474.936110137	271.672099538	195.489935581
YFL038C	547.270197361	645.476322153	725.592383709	763.140223193	5.10370655642	22.6371515545
YOR310C	844.580499248	174.861072571	642.90008607	309.272661564	657.301865159	745.195546574
YDL075W	701.384420779	393.965502396	245.140197037	821.538208137	362.264415593	166.463126397
YIL045W	139.524034965	15.9101566255	848.691422606	604.696869281	7.15423921309	147.384155225
YIL069C	946.743366217	367.550301843	380.506208729	225.236692575	481.985125079	124.462878249
YGR019W	658.873046309	454.545173314	50.5072308715	145.410043636	213.463610279	778.537723198
YBR093C	134.464699372	683.193345187	594.615882974	737.622069977	837.772345737	587.536393769
YDR050C	234.42743063	818.851357555	186.719855082	697.46736224	300.139861558	422.426950226
YMR291W	68.8875940695	445.62431275	451.128840725	43.6605440283	922.642386947	417.441721245
YER145C	800.765507991	836.11340796	903.884602801	314.720333107	452.242216215	771.633300654
YNL312W	14.4493041286	497.189902447	947.712565173	521.374635403	705.610984526	221.546378737
YER110C	933.203149214	644.351126024	944.625177669	959.492401505	314.623229541	937.543205171
YER103W	689.749230966	584.757357932	282.027954591	402.0731402	767.150878938	498.477364224
YKL074C	879.253048759	101.168914445	553.910998332	650.632133633	41.3326973686	692.853705471
YBR045C	371.266668388	740.29218322	798.540653724	624.010054759	447.684395724	901.833255803
YEL041W	475.410352036	65.3507768054	92.8702363933	108.547537956	889.312801209	524.558698708
YIL070C	922.884106694	849.850799961	851.707371048	648.080324928	353.022398566	723.402822232
YER079W	198.981914495	502.414622412	680.610179757	109.447824079	25.4512555252	247.049759145
YLR134W	20.5949947442	171.127759787	289.592136086	886.124264224	660.413122997	690.946115216
YOL127W	567.391185377	289.287824574	293.94155076	958.747984188	130.067838215	581.620148151
YDL088C	270.367462586	518.452944581	412.64169434	664.086863536	498.605339133	683.739043639
YNL216W	480.381156024	11.2640385155	364.908250367	371.509107618	572.537218348	803.883014436
YNL069C	241.365792177	730.802918185	741.53004083	954.303591071	916.606613044	667.252611723
YCL032W	696.845048223	760.291982616	336.279350982	426.398954398	747.25167042	774.397352105
YEL039C	709.381868686	451.22671329	165.604012754	941.761014785	578.311927916	790.619388896
YLR377C	82.9619317817	449.203652216	623.587936631	728.831619088	256.653022512	90.3968120481
YGL237C	370.704954354	914.241314046	105.396026064	915.145720791	47.9876644441	855.607227608
YKL001C	640.824606268	50.3293171807	525.25360122	79.999615969	979.589266582	345.364703728
YJR048W	44.9531904716	428.395897395	620.966870942	945.367898847	310.095280481	433.640222773
YLR249W	80.1057124697	975.048228912	577.928089614	781.763492375	840.524913037	871.677150778
YJR109C	89.8783764211	847.030583193	820.400541144	978.868705393	5.67308078045	464.564693833
YOR327C	864.257956433	554.993500982	357.25310433	444.391121491	269.258521086	89.7758062496
YPL240C	332.981698798	526.807996127	840.354618239	1.78120933333	916.103732641	253.433387715
YNL307C	313.048717023	461.65155039	703.897620287	454.112105879	766.702704627	400.380385977
YPR119W	697.352193782	770.694998501	647.974445873	4.84175595442	877.854765709	712.903708678
YNL091W	421.995782026	782.444652528	206.519899531	23.6809560816	654.263917427	113.392294009
YPL131W	199.067897852	479.301772178	442.529927507	308.340642265	517.284739959	710.678643545
YOR290C	514.737573732	259.024646438	867.909216766	773.747790666	910.431984335	788.915424524
YHR171W	369.307012879	908.242465427	293.700062855	791.759710305	542.514729408	366.213962689
YMR146C	435.215173376	558.750735109	535.102270639	710.162194465	807.646856445	451.863165958
YGR074W	96.095018663	588.465392165	33.4888608929	305.697393649	275.893836667	759.205561522
YPL149W	473.421811637	361.233517467	861.195142998	310.044103717	324.075208879	295.289258588
YMR183C	862.133255376	948.378792949	267.624853165	261.921229101	838.026909244	488.226637195
YDL014W	224.6744248	498.104617341	54.550696521	466.014866922	774.633412224	140.403138191
YOL086C	760.941232598	590.826573634	358.507189858	494.341932929	118.327186396	150.037552856
YER052C	874.030108696	335.519506485	812.340527257	492.972508511	460.790010699	355.664730912
YLR321C	438.452550251	204.821004624	618.689968492	7.71836251467	441.394686882	213.81691565
YGL035C	559.850372685	256.598997531	37.5560390834	0.439462981361	353.228335087	888.709129491
YMR044W	406.206786708	847.480729836	979.575464598	507.057793179	472.421016467	294.00275824
YDR277C	444.790686293	19.5518302415	24.1343274574	259.247855703	271.149679981	118.049565974
YMR255W	935.766563058	578.747041946	1.860176749	327.450004823	328.72742404	641.027969879
YDL030W	815.861027758	81.7647650585	116.749835194	628.947670463	259.191199433	681.366574539
YPL089C	574.903360107	655.502132091	954.975572801	395.360363671	798.300481007	217.665322869
YBR170C	111.179337537	842.866878391	796.125935167	664.231472561	976.414098277	173.161918326
YHR005C	881.162783852	759.354578592	302.923515685	149.194933791	467.780952955	124.543416796
YGR218W	228.197860221	231.545582044	684.000427547	320.168799138	492.230645126	913.325383506
YDR382W	525.509428778	562.250644008	107.498636249	426.476566768	142.186856411	535.971065589
YOR036W	888.099597404	222.925438296	807.188842605	274.723082954	311.932276023	8.48094209267
YDR184C	214.435349572	974.522751861	743.035145915	992.156497689	459.591259101	944.194974054
YMR300C	450.471424028	456.848801659	782.818692396	17.4289076221	167.060877241	564.270183673
YKL028W	153.030881776	120.48776182	716.933410308	301.113857308	378.045833711	574.069869858
YDR395W	65.748017427	600.577890305	903.363116352	181.629132256	707.066290244	376.098656272
YER065C	537.418387444	810.457615422	258.596634206	204.130033723	974.560575689	601.294535406
YDR335W	864.971336348	989.167252525	981.599292668	424.793502263	172.999749953	81.3260847246
YBR217W	43.3816041447	427.804210794	994.201509146	348.480385382	894.140654031	743.275236523
YOR212W	215.693567063	476.955519247	203.433854319	378.825163448	860.003354885	798.621245395
YKR097W	924.124732014	859.405063061	708.433678882	975.929670578	373.880652128	112.717762895
YAL003W	357.205791518	884.967096401	253.352187623	155.169501856	971.617896662	444.539659009
YGL115W	52.545906691	290.338847703	16.5015453943	707.534627822	687.032755197	547.922937241
YDL236W	337.969133465	996.989503057	352.306940862	498.514688484	781.128866048	147.819130126
YDR100W	394.941148375	793.62902872	327.367507986	294.060962547	626.892138358	420.272985369
YJL036W	852.303961055	399.563245442	126.756180555	315.846009638	867.042311311	941.886060458
YPL075W	51.13452641	62.9565252559	301.911894092	488.938221035	546.655233802	166.381091064
YLR258W	624.712018891	213.358763749	239.437057364	896.025291787	202.651344011	816.695187743
YPL031C	270.348369362	842.5440262	916.611194363	547.191813686	365.207536721	7.2350598197
YLR191W	428.09650328	302.582586438	621.260969052	318.14184159	695.712950179	562.908722021
YML054C	572.123852509	700.812305083	720.615454316	520.168814677	150.647747139	377.32541402
YLR284C	454.74796238	286.745345831	608.053602381	471.555920368	735.390025619	463.373823986
YPR124W	363.144275987	966.836290816	819.961950644	797.215030808	709.067836479	419.425388975
YPL222W	631.881741451	513.688079963	414.755890021	697.515174097	877.786634401	426.407936143
YNL214W	96.4123497128	664.131806071	311.858845232	958.785845439	551.492388158	18.6790836988
YBR274W	67.0819639406	225.427808063	959.136005763	257.068323624	487.97861087	811.266296448
YMR309C	535.578477827	23.0749342839	348.894808752	984.946300753	527.428329127	166.858044239
YPR167C	769.447131639	35.7985815636	543.64769927	315.781871171	118.828404068	399.743913529
YKL101W	384.137427205	617.092965732	824.221709308	346.087544347	158.247246166	886.294937733
YOR089C	211.78195821	654.143151128	125.463547985	330.058409454	443.192477355	977.352037123
YDR309C	688.025993714	829.911706673	468.533297204	581.184928429	161.112823036	131.297899812
YER102W	297.78222758	975.34345342	963.76294485	300.266717889	182.71880312	549.794656633
YJL194W	772.821532503	127.895610762	856.344186242	539.835607052	693.583757986	852.541075152
YOR264W	253.928506751	723.574726616	937.405759574	306.617909544	650.848567514	731.680411258
YER116C	73.9632725154	226.160430682	390.180898466	51.0485377827	11.3959440435	804.917228641
YDR323C	182.721616287	381.085574445	242.451782815	351.697431024	322.922064962	578.230330749
YNL164C	100.926413477	958.239766212	944.251429039	820.006226828	977.44432942	372.221056576
YER054C	209.610047186	896.230889824	102.008600697	532.58943033	608.274422195	860.496517433
YDL013W	427.207092533	919.35300167	489.014229854	21.7286072315	534.582166257	441.12379846
YDR167W	773.647334292	901.862443313	620.357198526	626.18176969	874.926966759	12.7804052653
YGL044C	43.5751368631	936.084370072	326.884143682	203.290967347	683.674528268	326.05307024
YOR215C	138.921056156	106.307725535	268.488769097	4.2015990412	874.40893824	712.329062423
YOR120W	540.916762169	679.981912005	976.712890549	412.291347969	315.870282124	248.550889805
YHR179W	803.060975042	462.904825324	847.618328334	145.169322618	671.367385523	79.5990741357
YNL199C	672.72439392	713.523294984	413.441757229	65.7202599963	187.112142831	108.735975572
YIL015W	688.84070718	672.43399116	687.163632697	749.698247369	221.675805094	146.441054698
YNL050C	397.96277867	627.992960226	949.359824633	642.968815449	819.90512148	252.510549022
YIR009W	238.769171793	687.810820249	314.601794999	864.459599978	819.302004868	199.748635336
YHR135C	935.006908403	400.4034018	561.027864909	681.573664759	123.823499139	977.408634294
YDL194W	176.996728976	906.734529196	929.416835311	851.74247948	929.213224431	440.766045222
YBL005W	951.521145733	498.322267526	146.611499243	20.4481007109	984.164275916	29.6183970564
YHR030C	846.188577281	998.867986208	682.022185043	952.577707617	389.813220632	50.6128888018
YLR345W	891.474692084	999.703943948	399.033785014	33.6552347591	449.858518988	756.23519245
YBL021C	821.582696439	847.704309493	861.165731853	388.517722555	587.383203963	167.624148468
YNL116W	916.956770766	949.200142132	148.126837227	170.896839997	611.312099688	526.881437015
YML114C	552.819126487	553.042038095	741.862945425	811.301314457	500.140876191	376.937440396
YNL098C	183.082749935	328.230202168	737.56551244	639.057698923	935.90193296	149.960345121
YLL019C	980.733587258	213.892919865	783.213290251	692.932036703	390.125607098	426.958837418
YCR086W	49.4758345135	119.200516704	515.257367206	398.986542901	718.388855791	609.5504231
YJR066W	815.670534198	756.836067832	181.369598769	392.870420591	463.539679911	994.764701748
YOR167C	572.809396046	174.63446756	572.674182888	735.716734732	270.940836216	81.3920436952
YLR116W	207.08787866	729.623650962	246.862332989	307.659723727	766.613719252	474.285109263
YOL149W	571.997812924	938.050467072	928.420498438	176.032826364	357.643404148	723.716411345
YDR311W	140.655944701	64.5790647258	299.080367884	584.625492537	927.851982882	539.195332467
YMR117C	77.6940395514	59.4433074236	421.71801223	425.744096118	348.763348315	966.315635176
YJL157C	656.77981903	260.784296871	958.889113811	468.577242634	782.665911161	384.664698832
YGR088W	657.468176378	506.348418388	963.749798064	838.133441304	512.112022952	687.836744442
YGL153W	800.862977495	478.749198498	514.354219171	455.597371782	623.301300369	214.915727691
YKL211C	135.145992928	479.251780927	695.182539074	895.426551163	247.94883358	630.216334919
YGR048W	889.791323727	229.582050171	788.890239732	821.582409752	109.363010235	26.4603678617
YEL009C	819.344117175	451.473705633	499.116350705	913.765805151	322.995021215	562.763873704
